15:06:10         3.39794000867204         2500.0000         -2.1820         292.30
15:06:14         3.29794002877041         1985.8207         -2.2960         292.30
15:06:18         3.19794009555258         1577.3937         -2.6350         292.30
15:06:22         3.09794019718123         1252.9686         -3.0200         292.40
15:06:26         2.99794030947142         995.2686         -3.5400         292.30
15:06:30         2.89794040109701         790.5701         -4.0840         292.30
15:06:34         2.79794048044319         627.9723         -4.5680         292.30
15:06:38         2.69794064943186         498.8163         -5.0340         292.30
15:06:42         2.59794067657697         396.2239         -5.4370         292.30
15:06:46         2.4979407677867         314.7319         -5.7050         292.30
15:06:50         2.3979408834098         250.0005         -5.7880         292.30
15:06:54         2.29794098316926         198.5825         -5.6650         292.30
15:06:58         2.19794101139409         157.7397         -5.3540         292.30
15:07:02         2.09794100637999         125.2971         -4.8320         292.30
15:07:06         1.99794134816669         99.5271         -4.1790         292.30
15:07:10         1.8979408705064         79.0571         -3.4420         292.30
15:07:14         1.79794096059111         62.7973         -2.6980         292.30
15:07:18         1.69794123397439         49.8817         -2.0940         292.30
15:07:21         1.5979407602015         39.6224         -1.5550         292.40
15:07:25         1.49794089938297         31.4732         -1.1110         292.30
15:07:29         1.39794173163867         25.0001         -0.7788         292.30
15:07:33         1.29793988193963         19.8582         -0.5777         292.30
15:07:37         1.19794184111121         15.7740         -0.4156         292.30
15:07:41         1.09794068243622         12.5297         -0.3362         292.30
15:07:45         0.997940898731541         9.9527         -0.3014         292.30
15:07:49         0.897940341373011         7.9057         -0.2625         292.30
15:07:53         0.797938883024152         6.2797         -0.2570         292.30
15:07:57         0.697943874369764         4.9882         -0.2959         292.30
15:08:01         0.597936385571892         3.9622         -0.3648         292.30
15:08:05         0.497938142432874         3.1473         -0.4233         292.30
15:08:09         0.397940008672038         2.5000         -0.4439         292.30
15:08:13         0.29793551244985         1.9858         -0.5968         292.30
15:08:17         0.197941827982788         1.5774         -0.6805         292.30
15:08:21         0.0979510782661857         1.2530         -0.7890         292.30
#------------------------------------------------------------------
# Дата окончания эксперимента
#----------------------
# 01.12.2021
# 15:08:26
#----------------------
# Количество точек в скане 115
