time   Resistance(Ohm);  Temperature('C);  Temperature(K);
15:06:02    49.6501;  20.0519;  293.202;
15:06:05    49.651;  20.0563;  293.206;
15:06:08    49.651;  20.0564;  293.206;
15:06:12    49.6506;  20.0543;  293.204;
15:06:15    49.6511;  20.0571;  293.207;
15:06:19    49.6525;  20.0649;  293.215;
15:06:22    49.6497;  20.0493;  293.199;
15:06:25    49.651;  20.0567;  293.207;
15:06:29    49.6504;  20.0531;  293.203;
15:06:32    49.6493;  20.0473;  293.197;
15:06:36    49.6512;  20.0576;  293.208;
15:06:39    49.6489;  20.0451;  293.195;
15:06:43    49.6508;  20.0553;  293.205;
15:06:46    49.6489;  20.0451;  293.195;
15:06:49    49.6512;  20.0579;  293.208;
15:06:53    49.6488;  20.0447;  293.195;
15:06:56    49.6485;  20.0428;  293.193;
15:07:00    49.6504;  20.0532;  293.203;
15:07:03    49.6508;  20.0553;  293.205;
15:07:06    49.6507;  20.0552;  293.205;
15:07:10    49.6503;  20.0529;  293.203;
15:07:13    49.6516;  20.0598;  293.21;
15:07:17    49.6505;  20.0537;  293.204;
15:07:20    49.6512;  20.0575;  293.207;
15:07:23    49.6494;  20.0475;  293.197;
15:07:27    49.6497;  20.0494;  293.199;
15:07:30    49.6486;  20.0435;  293.193;
15:07:34    49.65;  20.0508;  293.201;
15:07:37    49.6498;  20.0501;  293.2;
15:07:41    49.6497;  20.0493;  293.199;
15:07:44    49.651;  20.0564;  293.206;
15:07:47    49.649;  20.0454;  293.195;
15:07:51    49.6497;  20.0494;  293.199;
15:07:54    49.6506;  20.0546;  293.205;
15:07:58    49.6494;  20.0479;  293.198;
15:08:01    49.6534;  20.07;  293.22;
15:08:04    49.6498;  20.05;  293.2;
15:08:08    49.6504;  20.0531;  293.203;
15:08:11    49.6499;  20.0505;  293.201;
15:08:15    49.654;  20.073;  293.223;
15:08:18    49.6566;  20.0872;  293.237;
15:08:22    49.6542;  20.0742;  293.224;
15:08:25    49.6533;  20.0691;  293.219;
15:08:28    49.6555;  20.0813;  293.231;
